5521954019550
5521940702547
5521904228278
5521969386860
5521912693762
5521952993778
5521922478835
5521979407689
5521967817313
5521933542410
5521961694020
5521906884025
5521958222454
5521997983782
5521942629677
5521978327545
5521954098260
5521978563842
5521920346990
5521938907222
5521935380260
5521978831863
5521910377307
5521913100398
5521918279138
5521937575269
5521992329217
5521904470097
5521998229144
5521910011600
5521980220086
5521937654318
5521945233613
5521978911918
5521966320445
5521904271026
5521956633729
5521928789082
5521949907018
5521954463983
5521950638698
5521967930595
5521965890551
5521954593677
5521970233198
5521969777207
5521985311377
5521958873702
5521941879465
5521993744567
5521988735141
5521943830504
5521913280560
5521923980031
5521964244719
5521994633358
5521983385292
5521992613959
5521919093640
5521960531979
5521938215213
5521989362007
5521932683529
5521910367602
5521955145285
5521946988500
5521988604203
5521948013320
5521932536342
5521900277059
5521913854126
5521947717500
5521991452086
5521908983852
5521980301909
5521962824950
5521996023457
5521925251296
5521963971529
5521966742218
5521959375042
5521966731849
5521993216611
5521971969362
5521997666624
5521996156414
5521983863391
5521969189364
5521957633037
5521912134059
5521945753724
5521930213705
5521904126927
5521942552079
5521997305747
5521997884324
5521965797229
5521991158392
5521999523072
5521923868150
5521962588863
5521999398114
5521987355733
5521994672579
5521975910384
5521951098852
5521929317912
5521905571130
5521971736349
5521937241548
5521903392810
5521996927429
5521922033481
5521942023410
5521914232141
5521943346446
5521925951635
5521918619211
5521941046998
5521986364852
5521996588215
5521976713082
5521917312811
5521996061432
5521972834779
5521920110279
5521934757013
5521909050672
5521997695710
5521947066258
5521951133275
5521907510808
5521927612519
5521940470894
5521984197598
5521978756966
5521941349598
5521929973089
5521940794132
5521921088010
5521908161195
5521970873868
5521915401064
5521907940334
5521978068091
5521937076567
5521960970092
5521973445350
5521986105811
5521987954919
5521941747318
5521937303261
5521932522916
5521939502270
5521932730718
5521953084730
5521940555914
5521979716619
5521984506353
5521947453517
5521955267024
5521911572232
5521912880954
5521972583272
5521960567191
5521977331963
5521950926625
5521920768511
5521955710668
5521990089499
5521990132845
5521912338571
5521913627557
5521963631618
5521972175488
5521955556295
5521977601996
5521914443334
5521949646320
5521965425857
5521984845205
5521922061432
5521918437809
5521900302164
5521916424889
5521945731789
5521927025372
5521904236443
5521985752605
5521935662644
5521945028363
5521950484578
5521932441778
5521914239478
5521916276294
5521900348934
5521916393773
5521935601210
5521962962372
5521928611576
5521988595356
5521931535718
5521971977949
5521951210337
5521942011756
5521964277377
5521943827644
5521997617034
5521933225265
5521920601819
5521916222985
5521915022264
5521933404065
5521914094313
5521986184012
5521944241030
5521921281213
5521962139935
5521998111054
5521952193474
5521934583944
5521992439070
5521970391440
5521973713438
5521997811322
5521954711315
5521907090645
5521946775137
5521971593641
5521904960165
5521986820780
5521955350317
5521926784486
5521999338144
5521974288432
5521913967454
5521937329289
5521909613439
5521959513079
5521986558746
5521970054964
5521921236469
5521912371653
5521908152706
5521948032767
5521957373736
5521956867205
5521927102966
5521992092900
5521979473846
5521900819857
5521965105174
5521992627502
5521969968040
5521980812546
5521926655264
5521946347213
5521929382292
5521950358834
5521935150100
5521970407697
5521964261442
5521949782675
5521954492679
5521917589215
5521983293265
5521934544521
5521946537252
5521949829836
5521925903386
5521902124856
5521930120784
5521970247622
5521975507870
5521990432135
5521959338920
5521914579669
5521950910408
5521920215319
5521902711329
5521986229412
5521909492129
5521913056466
5521971098704
5521944946847
5521931397374
5521938655419
5521920226873
5521981576047
5521908039814
5521986188323
5521912900757
5521977333007
5521945018821
5521950888922
5521984752291
5521929829048
5521990168663
5521925941769
5521930137951
5521919523479
5521993595530
5521985554188
5521966000369
5521998270369
5521989730017
5521997488779
5521983070812
5521942520734
5521911892584
5521996336484
5521995539379
5521928500836
5521916165057
5521950720263
5521916275761
5521999786121
5521961666711
5521946198935
5521985855399
5521926486240
5521999057265
5521958972328
5521913412161
5521953889614
5521937216586
5521992952307
5521900026814
5521909117700
5521965724680
5521963432526
5521989263520
5521952363263
5521999942587
5521969971812
5521921549933
5521958948869
5521999492648
5521917813874
5521929605996
5521910097874
5521935041565
5521948419803
5521913035096
5521977663100
5521988456083
5521964234046
5521939714611
5521900054387
5521925347507
5521955327978
5521966347896
5521982977750
5521923671176
5521903044549
5521986886455
5521946316091
5521973263686
5521922417325
5521906699721
5521967503907
5521937144135
5521959567583
5521989278620
5521912407385
5521989782853
5521988160461
5521986257187
5521968781413
5521951880859
5521970200204
5521959437874
5521945211583
5521982413134
5521902655469
5521929606599
5521934830342
5521941796518
5521934412934
5521968579883
5521906910130
5521952106662
5521958740269
5521911341505
5521974023744
5521978484639
5521930848404
5521925771788
5521978371827
5521997808942
5521945490439
5521936576801
5521904127199
5521932994905
5521968859363
5521950223686
5521965909259
5521949351269
5521937154912
5521920597874
5521945621386
5521969272265
5521905695678
5521948893498
5521925587729
5521978061736
5521905676147
5521902241499
5521921604205
5521995238458
5521909521454
5521909692809
5521947681684
5521930567912
5521908593571
5521902616356
5521971518776
5521910079518
5521909964149
5521905753155
5521988098210
5521922093954
5521916604009
5521970483270
5521921801652
5521973714454
5521929246854
5521987573949
5521944798622
5521982901080
5521963572128
5521949284468
5521937885454
5521904884086
5521936296521
5521959199596
5521963029992
5521996507389
5521977234986
5521978720046
5521953789542
5521957238275
5521920730143
5521913635303
5521907644797
5521902250981
5521907781774
5521928899095
5521926856137
5521994321634
5521985006342
5521980191430
5521991113627
5521906134565
5521941008148
5521934063295
5521919279455
5521935519944
5521941711464
5521918237514
5521920074784
5521990460270
5521948420258
5521951706235
5521977099736
5521978251684
5521959014322
5521913130875
5521983490000
5521938870241
5521923889293
5521932399514
5521920072240
5521955136237
5521939787053
5521921374702
5521949506263
5521936174869
5521947039139
5521910492886
5521930808813
5521966390702
5521949971474
5521929304055
5521960683368
5521983476157
5521987447928
5521912227751
5521906626508
5521955609047
5521983575751
5521950673751
5521973847849
5521974478516
5521926122002
5521916663347
5521905385969
5521990655534
5521997709595
5521959073303
5521967917505
5521942742823
5521902021864
5521965274861
5521949806329
5521960032488
5521967541123
5521973960559
5521961102166
5521976263636
5521913725083
5521936909795
5521930799458
5521987601473
5521934234866
5521927917508
5521926057752
5521959968183
5521962284196
5521902474167
5521993914035
5521966413858
5521939712346
5521938184127
5521992760391
5521969811511
5521990327853
5521968572517
5521902861834
5521947188303
5521993755905
5521936047457
5521950423393
5521927160077
5521946394290
5521927977874
5521956410980
5521934412517
5521952058652
5521942738443
5521942551545
5521966777127
5521981021829
5521960172261
5521999721203
5521998979307
5521951186831
5521958226630
5521981712923
5521957462772
5521942494241
5521901048416
5521980529531
5521951137707
5521948062569
5521942609832
5521982203088
5521934498168
5521942516280
5521997572284
5521991420838
5521985158096
5521974676686
5521939022642
5521998475411
5521916166101
5521980895637
5521951264498
5521927488385
5521975867383
5521991816557
5521951165174
5521975876669
5521987752961
5521928891821
5521963544533
5521925551610
5521960099328
5521987083387
5521955862305
5521959645387
5521935401525
5521992909720
5521970525987
5521989005302
5521954291449
5521953255541
5521983201908
5521946191689
5521944413285
5521934702254
5521983404872
5521904818085
5521998169582
5521952686464
5521944402423
5521905720098
5521976027237
5521935679957
5521986132744
5521910905185
5521920720374
5521971923494
5521942619146
5521960897777
5521919593475
5521904994165
5521902682151
5521929903730
5521946204561
5521925743565
5521922934912
5521911882727
5521932743043
5521987830775
5521941994740
5521960503340
5521975336930
5521920238304
5521979263083
5521945939312
5521940251352
5521943256423
5521961456001
5521935807331
5521916196291
5521946444177
5521917942808
5521991232452
5521910690010
5521940270740
5521928275849
5521934522642
5521938221037
5521972725282
5521925007412
5521997768112
5521983208158
5521994013415
5521995732969
5521985217538
5521937875863
5521972442545
5521934450237
5521949407474
5521956016168
5521950439556
5521963203444
5521918828149
5521999451861
5521989821880
5521983046845
5521900433472
5521984966771
5521924149224
5521978862563
5521920715410
5521997244137
5521990189657
5521927335055
5521987920917
5521962772331
5521928761497
5521915183855
5521958856903
5521933340578
5521932010263
5521998523823
5521993871965
5521912722438
5521950084014
5521980420651
5521964487883
5521984670973
5521913545283
5521978895484
5521972255442
5521990159925
5521945057139
5521938041735
5521917823945
5521979873655
5521995026969
5521940865754
5521951335278
5521913007053
5521996651837
5521959891919
5521906555129
5521918305520
5521958122434
5521908920942
5521945117296
5521973451169
5521979766952
5521962276882
5521980774099
5521992914007
5521960068476
5521929275967
5521939734469
5521952537999
5521976186510
5521978458034
5521996781510
5521924232806
5521931755127
5521991133583
5521978792621
5521960252586
5521927999794
5521979089770
5521926103315
5521962267469
5521910409173
5521922811225
5521978969929
5521990922967
5521998462597
5521968336540
5521977198294
5521902330351
5521991736873
5521903803444
5521963924897
5521945698485
5521962417404
5521979847758
5521999570559
5521989967965
5521971876968
5521961889168
5521967029393
5521917376877
5521953936890
5521980204207
5521988139931
5521920433355
5521901256672
5521901945469
5521929412125
5521901514293
5521932267816
5521911080166
5521950421490
5521933771572
5521903683714
5521902301405
5521984513610
5521962643084
5521949499396
5521983922205
5521989307269
5521901169071
5521934444658
5521928684197
5521917712335
5521966662464
5521962070761
5521913003205
5521953634336
5521981522208
5521937995382
5521972243977
5521952583642
5521953035333
5521987005805
5521986834747
5521971145180
5521939848010
5521973872166
5521911608290
5521906819412
5521930178559
5521915052698
5521981774724
5521929450474
5521913199315
5521909386906
5521918953724
5521987861884
5521933122379
5521913682692
5521920952428
5521918982805
5521973980459
5521956638579
5521927129485
5521952357080
5521970831813
5521923922665
5521952518259
5521922467067
5521910163613
5521934926762
5521964477274
5521958106081
5521972888422
5521931390883
5521980655038
5521986373691
5521957608366
5521943579897
5521913479553
5521935718544
5521961112277
5521971147710
5521925106205
5521914265599
5521969896724
5521969052409
5521965699904
5521966665395
5521907866412
5521924826999
5521997561174
5521920323202
5521994197392
5521984676604
5521958981007
5521969550532
5521944832081
5521906907023
5521943755705
5521952502625
5521964824553
5521967974530
5521920801385
5521939873821
5521977288755
5521988791361
5521998644178
5521939935050
5521956909595
5521986145223
5521928501358
5521932627213
5521952346420
5521907970118
5521953796137
5521939435351
5521953574121
5521988251159
5521908899908
5521930539503
5521948253413
5521997357050
5521966763510
5521947252712
5521945787157
5521951519893
5521943329692
5521932803648
5521997061310
5521991402336
5521976488797
5521967166558
5521939584570
5521913185977
5521975643215
5521918440443
5521968602460
5521914569330
5521908531485
5521926362188
5521987432844
5521971463215
5521936191700
5521950004295
5521954502102
5521900953304
5521921375702
5521903898484
5521905943071
5521937063224
5521935055316
5521926194830
5521955918944
5521920064179
5521976547016
5521997533520
5521911251997
5521936619439
5521935302986
5521920987958
5521936113975
5521908561959
5521985615327
5521919644703
5521938194050
5521984106514
5521949207494
5521977637333
5521965645032
5521967825840
5521938562219
5521923820019
5521957911171
5521982349975
5521958346319
5521935176533
5521948186290
5521986295701
5521951483773
5521996339458
5521949822057
5521917147544
5521994090521
5521918105933
5521944535239
5521994685376
5521905501717
5521973993321
5521937467640
5521975179328
5521967412456
5521968316530
5521963275076
5521968487178
5521965583522
5521941788440
5521997330231
5521931456435
5521945123769
5521994426252
5521917097695
5521994964545
5521976455174
5521986285058
5521985800382
5521976859572
5521962005920
5521940965723
5521956776398
5521956571921
5521956420902
5521944678620
5521952651733
5521998836217
5521986225930
5521978694561
5521922491125
5521920569172
5521961120320
5521911263419
5521970194810
5521970551560
5521970205602
5521933040612
5521957814242
5521992154516
5521924697010
5521925763681
5521910793607
5521970470342
5521955766139
5521952505217
5521958123118
5521922650860
5521925206993
5521933872125
5521970932987
5521994414268
5521973751329
5521907939017
5521937950383
5521977515098
5521981023185
5521913549512
5521951456861
5521961427491
5521995145481
5521919148520
5521979001686
5521997666540
5521920200694
5521906471164
5521921382408
5521969631500
5521916365102
5521917026743
5521900259759
5521998916525
5521924227080
5521915144972
5521993466860
5521959217545
5521953664838
5521938830821
5521907275590
5521963342961
5521968448986
5521951662775
5521942002862
5521980422861
5521905814025
5521997053254
5521992499467
5521924084317
5521994909531
5521954907633
5521944114954
5521924136241
5521965993226
5521915494378
5521929259492
5521945812279
5521999475204
5521922193364
5521903117936
5521970052437
5521985927635
5521933472368
5521923366735
5521901253369
5521999675995
5521961251133
5521999239786
5521986898860
5521905507927
5521937043967
5521925948086
5521976638947
5521914896974
5521914502791
5521953904478
5521962458089
5521938242913
5521930602149
5521919220173
5521986627026
5521970232722
5521922161942
5521929840921
5521964470986
5521916688066
5521915145046
5521990368830
5521917511924
5521926252892
5521914410397
5521962798669
5521934040932
5521916422733
5521924702906
5521924961562
5521991525482
5521902618449
5521944736668
5521921562310
5521932323053
5521902216502
5521964306264
5521956406777
5521941108629
5521985616128
5521983712240
5521934793195
5521977928152
5521987387562
5521994567716
5521950890732
5521965856453
5521922286279
5521931987534
5521913276466
5521940739245
5521963018871
5521952770388
5521997389410
5521990959559
5521994504531
5521982777382
5521944794377
5521910041793
5521902358131
5521903925566
5521959723679
5521993510849
5521993599218
5521991148659
5521999960583
5521997916204
5521967923951
5521986612507
5521931918914
5521997475153
5521923233289
5521934813537
5521983334562
5521965581555
5521931930895
5521908930988
5521977723047
5521937017205
5521949498843
5521938362385
5521910985920
5521903451880
5521916037744
5521934276458
5521928017118
5521934211013
5521985012974
5521951565018
5521939769003
5521901964172
5521969270104
5521917583042
5521976730389
5521926792630
5521977181187
5521920992905
5521961978609
5521946599857
5521985882163
5521979368236
5521963353227
5521966007885
5521950635143
5521968993155
5521902548522
5521961252967
5521945316869
5521995064191
5521958939879
5521970809117
5521981410205
5521972021026
5521950323094
5521973888658
5521912729236
5521916742927
5521937677936
5521902761135
5521929534742
5521933803235
5521953721821
5521910383394
5521991028262
5521936205502
5521956611505
5521956977072
5521960184240
5521913977286
5521999281729
5521924691878
5521984954121
5521942139533
5521931396622
5521970357678
5521963176187
5521970756543
5521988851329
5521909394322
5521939202870
5521976476749
5521941886163
5521954212383
5521915499141
5521930650101
5521912582060
5521995113035
5521974992800
5521943291056
5521921029935
5521977311715
5521908169880
5521929807410
5521927250489
5521922538732
5521985351091
5521923433024
5521986591274
5521937555433
5521939539929
5521985973024
5521938708348
5521924349775
5521900485233
5521928202193
5521925396651
5521922918833
5521946460288
5521918660238
5521969393131
5521944793246
5521978725926
5521987419318
5521933939654
5521933187044
5521965989305
5521983021396
5521972330222
5521942553048
5521984862053
5521918285985
5521999653425
5521912041909
5521951801997
5521999474095
5521985502177
5521956407687
5521944131539
5521947962185
5521975877011
5521907000434
5521901089600
5521996925865
5521929940786
5521959306594
5521998444881
5521926573534
5521929786104
5521993890162
5521933181705
5521950449564
5521946261928
5521961586892
5521983113363
5521960249955
5521985676616
5521975825946
5521992927047
5521913365683
5521932991988
5521988709416
5521941589659
5521991559496
5521930440381
5521973824454
5521932445606
5521925923802
5521958722479
5521959407188
5521980290289
5521970953524
5521921886641
5521937873140
5521918724715
5521942797738
5521963201028
5521991750115
5521961860555
5521999450030
5521979385629
5521982122101
5521939874708
5521912499260
5521994027698
5521978090443
5521949987672
5521916902885
5521923031126
5521905969604
5521970909047
5521908064906
5521932396857
5521975163220
5521935072005
5521988396365
5521956291804
5521915416351
5521999715266
5521932008019
5521907374148
5521913919347
5521990653698
5521971689868
5521930301322
5521937546711
5521932669549
5521934907897
5521908174522
5521985257510
5521956139572
5521944669308
5521920300089
5521918062887
5521940021680
5521906250561
5521955034387
5521936658350
5521984341565
5521917233722
5521984158991
5521983136724
5521951609240
5521908167400
5521974104777
5521928687332
5521908415008
5521976639939
5521937145369
5521979662559
5521914263150
5521978370258
5521900430696
5521982960760
5521930850721
5521994331911
5521969234047
5521928066536
5521954616927
5521968059096
5521948861159
5521995538544
5521947595426
5521970300244
5521982169391
5521976445912
5521991745579
5521932367825
5521910382827
5521998946340
5521993188053
5521945330194
5521945654721
5521998862847
5521921060429
5521929060409
5521934637062
5521949889148
5521907824754
5521986693543
5521977787574
5521914675296
5521970914239
5521947001130
5521991846173
5521918732929
5521980823058
5521995227455
5521921717173
5521948279459
5521940194643
5521903109950
5521901829587
5521997068399
5521948664081
5521969796001
5521937875165
5521962525641
5521974694551
5521995672722
5521946029553
5521925625902
5521982109091
5521970119400
5521987938646
5521965603498
5521936991514
5521916480244
5521994428493
5521947829040
5521931337737
5521987237436
5521906992875
5521940296357
5521967619561
5521956392087
5521966694521
5521955389230
5521996399099
5521963789814
5521983101737
5521983513745
5521976412097
5521980632861
5521941432808
5521967907269
5521974812525
5521966647727
5521928057361
5521966145600
5521961672741
5521994260738
5521952468654
5521927876411
5521935004055
5521943841310
5521994500397
5521908902890
5521945089472
5521977302129
5521960405172
5521980736648
5521943386897
5521977872440
5521970190396
5521919824159
5521951897520
5521926035752
5521944625566
5521913098651
5521966240875
5521986527877
5521920299577
5521903005604
5521984109930
5521954621194
5521998688931
5521953645445
5521952451568
5521917570868
5521910822749
5521993387043
5521913124191
5521947872317
5521917543628
5521977233312
5521965320149
5521955408995
5521961748293
5521951598909
5521999336489
5521996400012
5521924655266
5521908506145
5521932696768
5521945804148
5521973678845
5521904407119
5521919831835
5521960797002
5521945113509
5521922167435
5521966925658
5521935018967
5521997961484
5521931123229
5521913800353
5521934428794
5521934934828
5521981200921
5521981971496
5521957188393
5521933720558
5521947686283
5521954211279
5521974867966
5521933112071
5521906270087
5521922464632
5521931386587
5521977110953
5521916879542
5521964575813
5521969994355
5521939591273
5521930645882
5521979426185
5521952809977
5521972754363
5521950842529
5521968860474
5521969326103
5521992969464
5521923876908
5521954069454
5521965660071
5521981439576
5521912088361
5521980174775
5521905656910
5521990526970
5521985331448
5521970583898
5521985094723
5521962062621
5521973341081
5521951720472
5521937004680
5521996797617
5521917285015
5521955879074
5521973822042
5521931153699
5521965397395
5521960008277
5521915412687
5521912655606
5521984803381
5521934859052
5521979169938
5521933796316
5521943743164
5521923508825
5521910677865
5521983768155
5521942431064
5521995092872
5521902828905
5521942592511
5521942888629
5521929863272
5521903738079
5521925114335
5521954154849
5521937204546
5521942313496
5521913299230
5521982223413
5521941323181
5521929278441
5521955129614
5521944615711
5521981391459
5521915886397
5521919764311
5521982773391
5521988999862
5521927063263
5521948312869
5521930994259
5521971794289
5521994362344
5521930310196
5521950904128
5521967294855
5521971826838
5521988242128
5521910674387
5521906001799
5521923810819
5521996578223
5521924916234
5521912915313
5521935600758
5521914583822
5521956065611
5521921930780
5521955762151
5521988165154
5521993882358
5521971877733
5521965838178
5521940764502
5521944275951
5521990192705
5521962437046
5521912924984
5521982090083
5521983132668
5521950071047
5521971396587
5521913613909
5521942878971
5521985193202
5521912679970
5521902502947
5521941807969
5521998260016
5521928609659
5521953083492
5521995640175
5521977845948
5521951351084
5521978128625
5521900786431
5521922014813
5521922902768
5521934781464
5521951426366
5521989847480
5521990399106
5521972899165
5521979746294
5521947843779
5521954443732
5521905416137
5521937234916
5521954345841
5521963278733
5521903197713
5521937855075
5521913836053
5521908523651
5521975066413
5521917259491
5521962396109
5521978479523
5521937185424
5521921931012
5521991177477
5521958955885
5521955123172
5521921802493
5521908528690
5521953523377
5521972104521
5521901547644
5521970779952
5521911512146
5521979911159
5521907203379
5521969719774
5521928723950
5521977849471
5521966438383
5521990436336
5521962940717
5521916271649
5521969597822
5521972460967
5521985980949
5521964562421
5521927382557
5521931140415
5521916762346
5521950976082
5521960191489
5521966493119
5521940908563
5521946206700
5521911955389
5521968727082
5521972143221
5521997809799
5521915863159
5521918218320
5521905943608
5521930117890
5521915514506
5521969109797
5521929452112
5521972315680
5521927848338
5521993269792
5521981013489
5521982524725
5521938224403
5521917967264
5521971353392
5521914969522
5521904763427
5521910079552
5521980038090
5521942571460
5521933939077
5521907498195
5521955396577
5521995432778
5521915765618
5521950649430
5521962483827
5521936479443
5521959632130
5521954855488
5521921699054
5521988770880
5521979006753
5521998136302
5521945886064
5521976260743
5521941596592
5521958832188
5521960914559
5521962654675
5521949605231
5521924913803
5521941817887
5521969377233
5521942056497
5521999154229
5521951553791
5521918511862
5521976755622
5521990395072
5521932135912
5521944036135
5521954625091
5521940803847
5521926923922
5521974851804
5521999466918
5521933800830
5521955044612
5521974244203
5521941580410
5521963265320
5521999597308
5521960852519
5521996467510
5521936796976
5521959129649
5521945772190
5521986059089
5521989039980
5521998538826
5521934645518
5521927124076
5521921791896
5521990973399
5521955683209
5521919475160
5521954341303
5521977873263
5521926839958
5521954924217
5521965591594
5521902918625
5521900920531
5521974578399
5521930849567
5521916452961
5521900182865
5521962575234
5521940849819
5521972176493
5521937307635
5521985075318
5521977895212
5521944795399
5521979269054
5521936553532
5521991691741
5521944928869
5521910412850
5521976889546
5521943170555
5521949609735
5521989247499
5521975942211
5521982699402
5521973554809
5521930814757
5521915773704
5521925047361
5521971273055
5521926227654
5521997130946
5521972736816
5521951482057
5521940253482
5521901662159
5521934101907
5521936769891
5521941955871
5521943907234
5521943714634
5521955329940
5521916810651
5521975412550
5521993298534
5521967967553
5521901115076
5521962633827
5521948118071
5521970535504
5521905858365
5521993768656
5521950452007
5521958686795
5521921332996
5521954161958
5521955145022
5521912579066
5521911914289
5521977653622
5521993017120
5521979136625
5521901189142
5521966204033
5521980793545
5521917910763
5521952557529
5521920030845
5521969210770
5521921587557
5521961854024
5521962459250
5521907439617
5521942463427
5521921702171
5521934101298
5521929786474
5521925558333
5521938973233
5521977282405
5521908493191
5521912938317
5521965932691
5521951942496
5521937336277
5521956023984
5521931204021
5521966874135
5521926179030
5521900674917
5521986369192
5521977686586
5521990376456
5521931306689
5521900935277
5521937511694
5521953437986
5521931846209
5521921488702
5521962767269
5521919313246
5521937012163
5521950921546
5521904728447
5521944761633
5521904860662
5521983040319
5521941117724
5521936054533
5521987376539
5521948796589
5521987868638
5521975872781
5521918914108
5521969477842
5521976217354
5521973097204
5521998766061
5521930164345
5521967141416
5521990209121
5521920226346
5521921077040
5521935742078
5521907639442
5521905807960
5521973744061
5521990058046
5521986818002
5521945643524
5521970300191
5521940927217
5521955053682
5521987020370
5521916052248
5521907055952
5521993974379
5521962973506
5521938055484
5521994355257
5521979448381
5521923887813
5521904065911
5521976036967
5521926056392
5521936038834
5521941418986
5521998889198
5521955770118
5521903011440
5521901711983
5521958671812
5521914450200
5521956553131
5521951039909
5521921808361
5521920464001
5521996131741
5521947808573
5521910104429
5521926369805
5521942766091
5521981586778
5521994582348
5521972347609
5521935309491
5521976885013
5521976044691
5521942267392
5521984496523
5521939367843
5521958159755
5521901964725
5521900035834
5521979141164
5521932756567
5521920477099
5521908225345
5521951823365
5521957431302
5521950129439
5521910591738
5521935890023
5521934308008
5521971037556
5521921225954
5521961514231
5521944083677
5521964728570
5521943969807
5521976497048
5521952707968
5521949221908
5521974749043
5521953486234
5521971579785
5521901783675
5521903801865
5521961302902
5521980733909
5521918630177
5521913163045
5521904831085
5521998983649
5521964366307
5521939450878
5521992500532
5521988021969
5521996493090
5521975052508
5521955231942
5521970461815
5521927199502
5521925007040
5521973208363
5521928522729
5521990458373
5521985817316
5521993964722
5521963980975
5521978419738
5521913941488
5521993419551
5521991208872
5521996002325
5521965010573
5521921064579
5521906630543
5521902171149
5521993220982
5521992880498
5521973921314
5521974050050
5521905066753
5521997487424
5521993967311
5521942010096
5521935026605
5521982045141
5521931000046
5521941832244
5521939460168
5521964874806
5521955109464
5521976633082
5521938123698
5521958612818
5521990628826
5521950516354
5521977074250
5521915955765
5521956973552
5521917243571
5521921821312
5521919206206
5521977232147
5521990317128
5521922649101
5521928538806
5521926172599
5521998275835
5521954193049
5521961155854
5521916648216
5521943900208
5521935267230
5521990120379
5521999589199
5521963533906
5521913889396
5521951614616
5521905755321
5521952013650
5521918777658
5521912744789
5521968433760
5521997886247
5521936130743
5521974492306
5521966475124
5521955629605
5521906388444
5521978697300
5521983742906
5521937842532
5521908379846
5521912070211
5521990482859
5521901723974
5521902119931
5521994273138
5521991834297
5521991647412
5521970282456
5521909997102
5521935556162
5521942573319
5521916680763
5521999525280
5521974561647
5521952432884
5521980266230
5521902863252
5521975212431
5521938176394
5521959503155
5521908679805
5521920494693
5521934357497
5521905070986
5521995243320
5521966290507
5521976171236
5521922056827
5521949172425
5521923748099
5521955386429
5521976631742
5521911025631
5521933395285
5521938251856
5521975521662
5521998972548
5521915848461
5521945812002
5521904534031
5521986141462
5521939295489
5521972416363
5521923840506
5521914386716
5521928599849
5521968077546
5521928143984
5521960876370
5521946263676
5521912863727
5521933381581
5521908885466
5521949206828
5521999807777
5521933150260
5521953338644
5521945527029
5521961919136
5521927832808
5521908636805
5521950476836
5521947819039
5521990043104
5521915365520
5521949780965
5521905934772
5521994195385
5521923005597
5521951337231
5521902913269
5521970086392
5521978286439
5521983739437
5521972470446
5521906312566
5521986192815
5521981152765
5521935462989
5521928479902
5521987268583
5521937234262
5521952889177
5521900056528
5521922961500
5521949339145
5521972781043
5521971926641
5521951717709
5521981880381
5521969026438
5521983641257
5521962676185
5521992401052
5521931471541
5521969381523
5521919380246
5521967671582
5521972334236
5521910515503
5521978116190
5521947267329
5521985009691
5521983438128
5521909156311
5521927855454
5521916938699
5521960411902
5521920638033
5521952745529
5521940574780
5521999310933
5521977746011
5521935321146
5521924776697
5521921517507
5521964302237
5521921471784
5521977724146
5521926917773
5521969962326
5521926659680
5521957876430
5521944081346
5521996283123
5521950431408
5521965136096
5521938020913
5521997631880
5521965424341
5521982681991
5521907442329
5521970154538
5521987249247
5521938940388
5521988308776
5521974956743
5521949855929
5521918647983
5521974813499
5521921116611
5521980241576
5521969462874
5521950639731
5521960705099
5521989781899
5521937945605
5521964199617
5521944143647
5521904310344
5521990854484
5521949537356
5521928276430
5521933733487
5521991148330
5521946599946
5521974197011
5521963280021
5521925294129
5521990051911
5521968666822
5521981991744
5521994118247
5521985362857
5521921560417
5521927857849
5521903945037
5521934623287
5521974468840
5521981255217
5521912380951
5521904692849
5521915118580
5521926498396
5521904464651
5521915168515
5521943983355
5521905623946
5521990981236
5521923712886
5521974021444
5521961502248
5521984525471
5521912749830
5521984554871
5521941004776
5521916694155
5521959129814
5521985426661
5521903256728
5521949901670
5521979546216
5521999436006
5521998512265
5521977388952
5521985717951
5521912341982
5521990546656
5521943969447
5521911251298
5521972546798
5521913587219
5521971486412
5521914969839
5521938257405
5521925471797
5521958240152
5521913901094
5521920554473
5521910839680
5521907659341
5521966730068
5521951709852
5521900822816
5521918137312
5521979579196
5521990965296
5521946861883
5521989370565
5521976004923
5521902308205
5521992912981
5521930509187
5521921539919
5521952345378
5521986432677
5521927655036
5521913978969
5521957078363
5521991881300
5521904660268
5521917596540
5521911926006
5521923724534
5521979788470
5521969598359
5521968889959
5521989405259
5521967412079
5521954128080
5521925689608
5521991559899
5521982938967
5521926006507
5521946931780
5521986352647
5521976262675
5521950477758
5521919868508
5521973025615
5521982360057
5521955774002
5521913124006
5521907233598
5521943790209
5521908729848
5521913008938
5521995449457
5521946439125
5521924935131
5521929933191
5521998836355
5521907418170
5521950699050
5521995299040
5521948307307
5521958161584
5521912255004
5521958000675
5521907534714
5521947986889
5521990316864
5521962023442
5521952355358
5521946574329
5521938262210
5521953953370
5521919017115
5521932584622
5521970331415
5521958057074
5521985157764
5521985063588
5521975314156
5521914881277
5521929350643
5521953065004
5521908561562
5521920002971
5521935336426
5521914509231
5521914591617
5521975437046
5521919097423
5521983198081
5521916565056
5521968923729
5521975309899
5521992276487
5521920704287
5521953562537
5521990813060
5521978723286
5521918540394
5521914281611
5521927493432
5521914781117
5521976915078
5521947843436
5521912340837
5521984277969
5521912625851
5521984237362
5521999515056
5521965025143
5521974968392
5521993096153
5521941527759
5521988674846
5521938967417
5521926148737
5521984982079
5521938519846
5521938943113
5521950978940
5521923705870
5521964078033
5521951589014
5521951523251
5521941348923
5521986722972
5521956900632
5521939236175
5521945819902
5521931498307
5521902808475
5521929537847
5521962394666
5521906356021
5521978629175
5521989351344
5521990910536
5521969734082
5521950796857
5521906550582
5521960635821
5521927109344
5521904713517
5521988798627
5521905188387
5521929020131
5521919556987
5521959777179
5521950827221
5521901030562
5521936661172
5521901254844
5521918838072
5521916058126
5521940820768
5521979830396
5521997638697
5521930786581
5521927063966
5521951630249
5521943993860
5521934509576
5521986202655
5521909781103
5521906626405
5521911140674
5521961243384
5521941660058
5521981936088
5521915999012
5521937182959
5521900631569
5521962311833
5521921149352
5521906745070
5521908206234
5521992084191
5521927076571
5521959092450
5521977028874
5521983758766
5521977104434
5521960957600
5521987402027
5521980451653
5521953152837
5521951380470
5521928329325
5521914029236
5521999407184
5521967034758
5521917322836
5521994122494
5521902937984
5521953894605
5521936691454
5521962654111
5521968353762
5521909247883
5521900030591
5521937511121
5521902847337
5521918180391
5521934296880
5521978834552
5521985519947
5521968211101
5521908479381
5521911014765
5521947941464
5521944318698
5521996866956
5521913762154
5521994030530
5521932982971
5521902606687
5521986379418
5521930267837
5521910489169
5521926294887
5521941465653
5521954931027
5521915464183
5521998948177
5521925149918
5521938037646
5521948117812
5521906942050
5521939592244
5521929627869
5521921794432
5521969853622
5521957243481
5521946202718
5521922860687
5521909095134
5521943729775
5521935058931
5521984400675
5521997363007
5521991431044
5521999367716
5521911446219
5521949820389
5521924129925
5521917565630
5521956701357
5521938997606
5521988951997
5521938051247
5521920067026
5521943761772
5521999482408
5521991095820
5521905989415
5521950534595
5521960011089
5521977401246
5521940515785
5521968155084
5521976950004
5521948087757
5521928000167
5521919258529
5521946396209
5521964209741
5521909219269
5521915494367
5521904023541
5521968363397
5521918206269
5521904730726
5521950999219
5521977692907
5521967764780
5521984323467
5521906304077
5521932665161
5521916652336
5521905408337
5521935443408
5521993027150
5521922963028
5521928896515
5521958931415
5521958427092
5521937017156
5521935735338
5521909075718
5521901926257
5521982465586
5521937205041
5521968724607
5521911851136
5521910384226
5521907920474
5521904118171
5521913767015
5521946639994
5521987320247
5521929695927
5521994350620
5521970473917
5521989163633
5521929441562
5521925684407
5521980271181
5521910561803
5521994814376
5521933124068
5521911057450
5521990020544
5521962061757
5521947321769
5521983236392
5521939646513
5521960154823
5521956180094
5521962148412
5521915584665
5521970729872
5521954335811
5521964721839
5521948719131
5521979936420
5521974266471
5521928481588
5521907185808
5521909751550
5521957791980
5521908263831
5521901666300
5521913000691
5521977308651
5521945123797
5521934198741
5521980598658
5521920098855
5521958638120
5521947705254
5521944668580
5521947715713
5521923340127
5521958258045
5521911760461
5521999414111
5521918951542
5521996700705
5521968465943
5521942855007
5521947141609
5521983236365
5521924159030
5521979724096
5521909494376
5521986707654
5521966840403
5521981635574
5521903603790
5521960073480
5521997306461
5521918390126
5521926662701
5521947093450
5521981096526
5521910890305
5521920424473
5521951782292
5521900258593
5521990545938
5521901291817
5521957253253
5521991817132
5521932689545
5521901079013
5521963074261
5521933255284
5521901898925
5521944424931
5521931791626
5521971484959
5521902587536
5521975693025
5521948349179
5521983794861
5521971153233
5521982809969
5521994887172
5521952538594
5521997266381
5521906038361
5521984579693
5521985045795
5521960537686
5521981596997
5521904999570
5521926774117
5521925583537
5521921714879
5521928847981
5521958089067
5521984443689
5521906600154
5521915519047
5521902515690
5521988031318
5521953349848
5521961486814
5521982954125
5521945229376
5521959473863
5521959629008
5521984670781
5521992922611
5521984261893
5521947286436
5521980728856
5521982966167
5521935067263
5521958526253
5521990501261
5521905252713
5521947526591
5521912011704
5521992054373
5521926478856
5521992097184
5521980447867
5521947481080
5521990859412
5521942755157
5521978253455
5521915474486
5521921419775
5521923311497
5521964977788
5521923630535
5521915518260
5521925237001
5521936025337
5521944819781
5521948541516
5521927599588
5521925240928
5521997711891
5521943069001
5521952875598
5521911319009
5521962993299
5521928474656
5521905471449
5521937736009
5521964210977
5521990727829
5521905623377
5521925307263
5521966955273
5521970160501
5521956122313
5521963530341
5521959441867
5521936747527
5521947348782
5521951436788
5521982241207
5521977684135
5521951015613
5521965165630
5521995997723
5521995927465
5521968433794
5521934305799
5521905603199
5521946430579
5521997259109
5521975422870
5521905573597
5521946499673
5521934434058
5521982343809
5521934099630
5521948264943
5521930043880
5521964069729
5521943566313
5521979215103
5521969360617
5521966738727
5521959591117
5521973969973
5521950950961
5521929096066
5521980833446
5521987367320
5521929451141
5521955516117
5521910586646
5521936284661
5521940795880
5521994194122
5521923965088
5521908191543
5521948797305
5521948528725
5521986171203
5521966161023
5521957019094
5521918027364
5521971866188
5521911381405
5521946365246
5521920997653
5521947217980
5521902244191
5521940298776
5521929360662
5521946673665
5521952960041
5521938930751
5521905236735
5521961556313
5521976124832
5521949549908
5521954498196
5521953040440
5521928232253
5521920554695
5521948482055
5521915244780
5521968404968
5521911923138
5521957700364
5521983674283
5521902603786
5521900324545
5521932048139
5521973946009
5521944495248
5521917665059
5521976990410
5521955365094
5521997122240
5521901731797
5521913348339
5521955754786
5521992100626
5521990500833
5521919367102
5521995751395
